package ellipse_grid

var ACRatios = []float64{
	0.2069, 0.24138, 0.27586, 0.31034, 0.34483, 0.37931, 0.41379, 0.44828,
	0.48276, 0.51724, 0.55172, 0.58621, 0.62069, 0.65517, 0.68966, 0.72414,
	0.75862, 0.7931, 0.82759, 0.86207, 0.89655, 0.93103, 0.96552, 1,
}
var BCRatios = []float64{
	0.2069, 0.24138, 0.27586, 0.31034, 0.34483, 0.37931, 0.41379, 0.44828,
	0.48276, 0.51724, 0.55172, 0.58621, 0.62069, 0.65517, 0.68966, 0.72414,
	0.75862, 0.7931, 0.82759, 0.86207, 0.89655, 0.93103, 0.96552, 1,
}
var ACCorrectionGrid = []float64{
	0.75945, 0.82198, 0.81283, 0.80391, 0.79587, 0.79147, 0.78627, 0.78348,
	0.77913, 0.77567, 0.77452, 0.77195, 0.77032, 0.76877, 0.76728, 0.7665,
	0.76502, 0.76427, 0.763, 0.7627, 0.7619, 0.76067, 0.76135, 0.75945,
	0.82198, 0.82198, 0.82795, 0.82098, 0.81206, 0.80734, 0.80244, 0.79934,
	0.79509, 0.79039, 0.78904, 0.78619, 0.78459, 0.78384, 0.78167, 0.77974,
	0.77912, 0.77689, 0.77622, 0.77584, 0.77412, 0.77379, 0.77202, 0.77234,
	0.81283, 0.82795, 0.82795, 0.83655, 0.82855, 0.82381, 0.81813, 0.81319,
	0.81016, 0.80708, 0.80321, 0.80036, 0.79803, 0.79639, 0.79466, 0.79313,
	0.79154, 0.79026, 0.78981, 0.78831, 0.78723, 0.78726, 0.78568, 0.78524,
	0.80391, 0.82098, 0.83655, 0.83655, 0.84494, 0.83851, 0.83262, 0.82682,
	0.82407, 0.82071, 0.81811, 0.81332, 0.81292, 0.81082, 0.80857, 0.80642,
	0.80474, 0.80412, 0.80259, 0.80142, 0.80082, 0.80022, 0.79939, 0.79852,
	0.79587, 0.81206, 0.82855, 0.84494, 0.84494, 0.85281, 0.84664, 0.84249,
	0.83844, 0.83416, 0.83103, 0.82908, 0.82631, 0.82346, 0.82241, 0.82066,
	0.81818, 0.81738, 0.81554, 0.81471, 0.81409, 0.81229, 0.81246, 0.81136,
	0.79147, 0.80734, 0.82381, 0.83851, 0.85281, 0.85281, 0.86003, 0.85476,
	0.85196, 0.84825, 0.84433, 0.84255, 0.83886, 0.83696, 0.83598, 0.83335,
	0.8314, 0.82965, 0.8287, 0.82746, 0.82608, 0.8263, 0.82488, 0.82415,
	0.78627, 0.80244, 0.81813, 0.83262, 0.84664, 0.86003, 0.86003, 0.868,
	0.8656, 0.86099, 0.85769, 0.85437, 0.85282, 0.85007, 0.84818, 0.84529,
	0.8441, 0.8429, 0.84217, 0.8402, 0.83957, 0.83785, 0.8372, 0.83695,
	0.78348, 0.79934, 0.81319, 0.82682, 0.84249, 0.85476, 0.868, 0.868,
	0.87647, 0.87279, 0.86956, 0.86669, 0.86522, 0.86279, 0.86044, 0.85939,
	0.85774, 0.85589, 0.85442, 0.85369, 0.85179, 0.85134, 0.85022, 0.84909,
	0.77913, 0.79509, 0.81016, 0.82407, 0.83844, 0.85196, 0.8656, 0.87647,
	0.87647, 0.88362, 0.88222, 0.87897, 0.87652, 0.87422, 0.87245, 0.86982,
	0.86872, 0.86829, 0.86557, 0.8651, 0.86269, 0.86209, 0.86099, 0.86247,
	0.77567, 0.79039, 0.80708, 0.82071, 0.83416, 0.84825, 0.86099, 0.87279,
	0.88362, 0.88362, 0.89281, 0.89041, 0.88806, 0.88582, 0.88364, 0.88247,
	0.88046, 0.87901, 0.87729, 0.87632, 0.87557, 0.87376, 0.87284, 0.87346,
	0.77452, 0.78904, 0.80321, 0.81811, 0.83103, 0.84433, 0.85769, 0.86956,
	0.88222, 0.89281, 0.89281, 0.90101, 0.89883, 0.89771, 0.89417, 0.89388,
	0.89108, 0.89038, 0.88931, 0.88788, 0.88651, 0.88583, 0.88383, 0.88458,
	0.77195, 0.78619, 0.80036, 0.81332, 0.82908, 0.84255, 0.85437, 0.86669,
	0.87897, 0.89041, 0.90101, 0.90101, 0.90918, 0.90695, 0.90518, 0.9039,
	0.9019, 0.90135, 0.89975, 0.8976, 0.89613, 0.89625, 0.89608, 0.8952,
	0.77032, 0.78459, 0.79803, 0.81292, 0.82631, 0.83886, 0.85282, 0.86522,
	0.87652, 0.88806, 0.89883, 0.90918, 0.90918, 0.91747, 0.916, 0.91355,
	0.91325, 0.91142, 0.91017, 0.90924, 0.9084, 0.9071, 0.90612, 0.9053,
	0.76877, 0.78384, 0.79639, 0.81082, 0.82346, 0.83696, 0.85007, 0.86279,
	0.87422, 0.88582, 0.89771, 0.90695, 0.91747, 0.91747, 0.92442, 0.92329,
	0.92162, 0.92204, 0.91964, 0.92009, 0.91829, 0.91719, 0.91727, 0.91569,
	0.76728, 0.78167, 0.79466, 0.80857, 0.82241, 0.83598, 0.84818, 0.86044,
	0.87245, 0.88364, 0.89417, 0.90518, 0.916, 0.92442, 0.92442, 0.93236,
	0.93186, 0.93037, 0.92994, 0.92899, 0.92806, 0.92701, 0.92596, 0.92579,
	0.7665, 0.77974, 0.79313, 0.80642, 0.82066, 0.83335, 0.84529, 0.85939,
	0.86982, 0.88247, 0.89388, 0.9039, 0.91355, 0.92329, 0.93236, 0.93236,
	0.94033, 0.93871, 0.93814, 0.93771, 0.93676, 0.93556, 0.93444, 0.93611,
	0.76502, 0.77912, 0.79154, 0.80474, 0.81818, 0.8314, 0.8441, 0.85774,
	0.86872, 0.88046, 0.89108, 0.9019, 0.91325, 0.92162, 0.93186, 0.94033,
	0.94033, 0.94763, 0.94801, 0.94603, 0.94498, 0.94576, 0.94513, 0.94415,
	0.76427, 0.77689, 0.79026, 0.80412, 0.81738, 0.82965, 0.8429, 0.85589,
	0.86829, 0.87901, 0.89038, 0.90135, 0.91142, 0.92204, 0.93037, 0.93871,
	0.94763, 0.94763, 0.95618, 0.955, 0.95505, 0.95425, 0.95428, 0.9527,
	0.763, 0.77622, 0.78981, 0.80259, 0.81554, 0.8287, 0.84217, 0.85442,
	0.86557, 0.87729, 0.88931, 0.89975, 0.91017, 0.91964, 0.92994, 0.93814,
	0.94801, 0.95618, 0.95618, 0.96285, 0.96262, 0.96245, 0.9618, 0.96267,
	0.7627, 0.77584, 0.78831, 0.80142, 0.81471, 0.82746, 0.8402, 0.85369,
	0.8651, 0.87632, 0.88788, 0.8976, 0.90924, 0.92009, 0.92899, 0.93771,
	0.94603, 0.955, 0.96285, 0.96285, 0.97132, 0.97054, 0.97067, 0.97049,
	0.7619, 0.77412, 0.78723, 0.80082, 0.81409, 0.82608, 0.83957, 0.85179,
	0.86269, 0.87557, 0.88651, 0.89613, 0.9084, 0.91829, 0.92806, 0.93676,
	0.94498, 0.95505, 0.96262, 0.97132, 0.97132, 0.97902, 0.97889, 0.97854,
	0.76067, 0.77379, 0.78726, 0.80022, 0.81229, 0.8263, 0.83785, 0.85134,
	0.86209, 0.87376, 0.88583, 0.89625, 0.9071, 0.91719, 0.92701, 0.93556,
	0.94576, 0.95425, 0.96245, 0.97054, 0.97902, 0.97902, 0.98613, 0.98586,
	0.76135, 0.77202, 0.78568, 0.79939, 0.81246, 0.82488, 0.8372, 0.85022,
	0.86099, 0.87284, 0.88383, 0.89608, 0.90612, 0.91727, 0.92596, 0.93444,
	0.94513, 0.95428, 0.9618, 0.97067, 0.97889, 0.98613, 0.98613, 0.99285,
	0.75945, 0.77234, 0.78524, 0.79852, 0.81136, 0.82415, 0.83695, 0.84909,
	0.86247, 0.87346, 0.88458, 0.8952, 0.9053, 0.91569, 0.92579, 0.93611,
	0.94415, 0.9527, 0.96267, 0.97049, 0.97854, 0.98586, 0.99285, 0.99285,
}
var BCCorrectionGrid = []float64{
	0.85394, 0.85394, 0.87108, 0.88664, 0.89719, 0.9104, 0.92065, 0.93075,
	0.93795, 0.94481, 0.95286, 0.95878, 0.9638, 0.96815, 0.97414, 0.97766,
	0.98123, 0.985, 0.9874, 0.9912, 0.99282, 0.99545, 0.99925, 1.0012,
	0.85394, 0.85394, 0.85484, 0.87207, 0.88454, 0.89891, 0.90955, 0.92034,
	0.92955, 0.93697, 0.94553, 0.95146, 0.95858, 0.965, 0.96935, 0.97406,
	0.97833, 0.9806, 0.98565, 0.9895, 0.99202, 0.99455, 0.99585, 1.002,
	0.87108, 0.85484, 0.85484, 0.8605, 0.87455, 0.88942, 0.90028, 0.9113,
	0.92091, 0.92992, 0.93714, 0.94354, 0.95088, 0.95792, 0.96442, 0.96963,
	0.97426, 0.9786, 0.98392, 0.9869, 0.99052, 0.99562, 0.997, 1.0013,
	0.88664, 0.87207, 0.8605, 0.8605, 0.86705, 0.88004, 0.89168, 0.90118,
	0.91326, 0.9226, 0.9314, 0.938, 0.94769, 0.95384, 0.95947, 0.96531,
	0.97157, 0.97655, 0.98055, 0.985, 0.98942, 0.99376, 0.99687, 1.001,
	0.89719, 0.88454, 0.87455, 0.86705, 0.86705, 0.87325, 0.88397, 0.89604,
	0.90736, 0.91606, 0.92583, 0.9354, 0.94262, 0.94947, 0.95619, 0.96328,
	0.9682, 0.97395, 0.97872, 0.98479, 0.9882, 0.99243, 0.9971, 1.0025,
	0.9104, 0.89891, 0.88942, 0.88004, 0.87325, 0.87325, 0.87862, 0.88949,
	0.90067, 0.91056, 0.9206, 0.93105, 0.93795, 0.94674, 0.95312, 0.95955,
	0.96593, 0.9712, 0.97677, 0.98239, 0.9875, 0.99225, 0.99615, 1.0015,
	0.92065, 0.90955, 0.90028, 0.89168, 0.88397, 0.87862, 0.87862, 0.88444,
	0.89717, 0.90742, 0.91598, 0.92565, 0.9351, 0.94374, 0.95019, 0.95696,
	0.96365, 0.97018, 0.97622, 0.9806, 0.9861, 0.99028, 0.99528, 1.002,
	0.93075, 0.92034, 0.9113, 0.90118, 0.89604, 0.88949, 0.88444, 0.88444,
	0.89175, 0.90252, 0.91333, 0.9225, 0.93138, 0.93955, 0.94832, 0.95561,
	0.96198, 0.9691, 0.97502, 0.9808, 0.98572, 0.9915, 0.9963, 1.001,
	0.93795, 0.92955, 0.92091, 0.91326, 0.90736, 0.90067, 0.89717, 0.89175,
	0.89175, 0.89867, 0.90971, 0.9188, 0.9281, 0.93639, 0.94394, 0.95238,
	0.95983, 0.96765, 0.973, 0.97929, 0.98409, 0.98918, 0.99505, 1.0028,
	0.94481, 0.93697, 0.92992, 0.9226, 0.91606, 0.91056, 0.90742, 0.90252,
	0.89867, 0.89867, 0.9065, 0.9162, 0.92527, 0.93469, 0.94274, 0.95106,
	0.958, 0.96545, 0.9719, 0.97774, 0.98467, 0.98905, 0.99523, 1.0015,
	0.95286, 0.94553, 0.93714, 0.9314, 0.92583, 0.9206, 0.91598, 0.91333,
	0.90971, 0.9065, 0.9065, 0.91368, 0.92274, 0.93232, 0.94111, 0.94943,
	0.9559, 0.96445, 0.97155, 0.97657, 0.98272, 0.98896, 0.99268, 1.001,
	0.95878, 0.95146, 0.94354, 0.938, 0.9354, 0.93105, 0.92565, 0.9225,
	0.9188, 0.9162, 0.91368, 0.91368, 0.9206, 0.92964, 0.93906, 0.94801,
	0.95448, 0.96295, 0.96977, 0.9755, 0.98125, 0.98886, 0.99413, 1,
	0.9638, 0.95858, 0.95088, 0.94769, 0.94262, 0.93795, 0.9351, 0.93138,
	0.9281, 0.92527, 0.92274, 0.9206, 0.9206, 0.92799, 0.93652, 0.94576,
	0.95465, 0.96165, 0.96917, 0.97607, 0.98272, 0.98818, 0.99378, 1.0002,
	0.96815, 0.965, 0.95792, 0.95384, 0.94947, 0.94674, 0.94374, 0.93955,
	0.93639, 0.93469, 0.93232, 0.92964, 0.92799, 0.92799, 0.93494, 0.94346,
	0.95186, 0.96065, 0.9678, 0.9749, 0.98159, 0.98696, 0.99475, 1.001,
	0.97414, 0.96935, 0.96442, 0.95947, 0.95619, 0.95312, 0.95019, 0.94832,
	0.94394, 0.94274, 0.94111, 0.93906, 0.93652, 0.93494, 0.93494, 0.94244,
	0.95078, 0.95953, 0.9674, 0.97335, 0.98185, 0.98778, 0.99413, 1.0003,
	0.97766, 0.97406, 0.96963, 0.96531, 0.96328, 0.95955, 0.95696, 0.95561,
	0.95238, 0.95106, 0.94943, 0.94801, 0.94576, 0.94346, 0.94244, 0.94244,
	0.9501, 0.9585, 0.9651, 0.97399, 0.98092, 0.98656, 0.99368, 1.001,
	0.98123, 0.97833, 0.97426, 0.97157, 0.9682, 0.96593, 0.96365, 0.96198,
	0.95983, 0.958, 0.9559, 0.95448, 0.95465, 0.95186, 0.95078, 0.9501,
	0.9501, 0.95738, 0.96582, 0.97167, 0.9799, 0.98688, 0.99265, 1.001,
	0.985, 0.9806, 0.9786, 0.97655, 0.97395, 0.9712, 0.97018, 0.9691,
	0.96765, 0.96545, 0.96445, 0.96295, 0.96165, 0.96065, 0.95953, 0.9585,
	0.95738, 0.95738, 0.9653, 0.97224, 0.97977, 0.98756, 0.99368, 1.0015,
	0.9874, 0.98565, 0.98392, 0.98055, 0.97872, 0.97677, 0.97622, 0.97502,
	0.973, 0.9719, 0.97155, 0.96977, 0.96917, 0.9678, 0.9674, 0.9651,
	0.96582, 0.9653, 0.9653, 0.97147, 0.97977, 0.98691, 0.99363, 1.002,
	0.9912, 0.9895, 0.9869, 0.985, 0.98479, 0.98239, 0.9806, 0.9808,
	0.97929, 0.97774, 0.97657, 0.9755, 0.97607, 0.9749, 0.97335, 0.97399,
	0.97167, 0.97224, 0.97147, 0.97147, 0.979, 0.98626, 0.9941, 1.001,
	0.99282, 0.99202, 0.99052, 0.98942, 0.9882, 0.9875, 0.9861, 0.98572,
	0.98409, 0.98467, 0.98272, 0.98125, 0.98272, 0.98159, 0.98185, 0.98092,
	0.9799, 0.97977, 0.97977, 0.979, 0.979, 0.98653, 0.99383, 1.001,
	0.99545, 0.99455, 0.99562, 0.99376, 0.99243, 0.99225, 0.99028, 0.9915,
	0.98918, 0.98905, 0.98896, 0.98886, 0.98818, 0.98696, 0.98778, 0.98656,
	0.98688, 0.98756, 0.98691, 0.98626, 0.98653, 0.98653, 0.99255, 1.001,
	0.99925, 0.99585, 0.997, 0.99687, 0.9971, 0.99615, 0.99528, 0.9963,
	0.99505, 0.99523, 0.99268, 0.99413, 0.99378, 0.99475, 0.99413, 0.99368,
	0.99265, 0.99368, 0.99363, 0.9941, 0.99383, 0.99255, 0.99255, 1.001,
	1.0012, 1.002, 1.0013, 1.001, 1.0025, 1.0015, 1.002, 1.001,
	1.0028, 1.0015, 1.001, 1, 1.0002, 1.001, 1.0003, 1.001,
	1.001, 1.0015, 1.002, 1.001, 1.001, 1.001, 1.001, 1.001,
}
var CCorrectionGrid = []float64{
	1.1153, 1.1065, 1.0985, 1.09, 1.0825, 1.0755, 1.0685, 1.062,
	1.055, 1.05, 1.045, 1.04, 1.036, 1.0315, 1.027, 1.023,
	1.0195, 1.0165, 1.0128, 1.01, 1.0073, 1.0045, 1.0025, 1.0025,
	1.1148, 1.1085, 1.0993, 1.0907, 1.0835, 1.0767, 1.0703, 1.0633,
	1.0583, 1.0525, 1.0482, 1.0422, 1.038, 1.0328, 1.0293, 1.0262,
	1.0217, 1.0182, 1.0158, 1.0125, 1.0095, 1.007, 1.007, 1.0025,
	1.1163, 1.108, 1.099, 1.0915, 1.085, 1.077, 1.0712, 1.064,
	1.0595, 1.054, 1.0482, 1.0435, 1.039, 1.0355, 1.0313, 1.028,
	1.0237, 1.0205, 1.0177, 1.015, 1.012, 1.012, 1.007, 1.0045,
	1.1163, 1.1083, 1.1003, 1.093, 1.085, 1.0785, 1.0715, 1.0655,
	1.0608, 1.0545, 1.05, 1.0463, 1.0403, 1.0368, 1.0325, 1.0297,
	1.0267, 1.0228, 1.0203, 1.0168, 1.0168, 1.012, 1.0095, 1.0073,
	1.1163, 1.108, 1.1005, 1.094, 1.0857, 1.0795, 1.0733, 1.066,
	1.0613, 1.0565, 1.0517, 1.048, 1.042, 1.038, 1.0348, 1.031,
	1.029, 1.025, 1.0225, 1.0225, 1.0168, 1.015, 1.0125, 1.01,
	1.1173, 1.109, 1.101, 1.094, 1.0875, 1.0807, 1.0738, 1.0683,
	1.0633, 1.0577, 1.0525, 1.0485, 1.0443, 1.041, 1.0368, 1.0342,
	1.0302, 1.0275, 1.0275, 1.0225, 1.0203, 1.0177, 1.0158, 1.0128,
	1.117, 1.11, 1.1025, 1.0945, 1.0882, 1.082, 1.0755, 1.069,
	1.0635, 1.059, 1.0545, 1.05, 1.0465, 1.0425, 1.0395, 1.0365,
	1.0337, 1.0337, 1.0275, 1.025, 1.0228, 1.0205, 1.0182, 1.0165,
	1.1178, 1.1095, 1.103, 1.0957, 1.0895, 1.083, 1.077, 1.0705,
	1.0663, 1.061, 1.057, 1.053, 1.0478, 1.0458, 1.042, 1.0387,
	1.0387, 1.0337, 1.0302, 1.029, 1.0267, 1.0237, 1.0217, 1.0195,
	1.1177, 1.1105, 1.1033, 1.097, 1.09, 1.0845, 1.079, 1.072,
	1.0683, 1.063, 1.0585, 1.055, 1.0515, 1.0485, 1.0448, 1.0448,
	1.0387, 1.0365, 1.0342, 1.031, 1.0297, 1.028, 1.0262, 1.023,
	1.1183, 1.1108, 1.1045, 1.098, 1.0912, 1.085, 1.08, 1.0745,
	1.0705, 1.0655, 1.0613, 1.0575, 1.054, 1.0513, 1.0513, 1.0448,
	1.042, 1.0395, 1.0368, 1.0348, 1.0325, 1.0313, 1.0293, 1.027,
	1.1195, 1.111, 1.1058, 1.0985, 1.093, 1.087, 1.0815, 1.0765,
	1.072, 1.068, 1.0635, 1.0605, 1.0565, 1.0565, 1.0513, 1.0485,
	1.0458, 1.0425, 1.041, 1.038, 1.0368, 1.0355, 1.0328, 1.0315,
	1.1198, 1.1128, 1.1073, 1.0997, 1.0942, 1.089, 1.0828, 1.0785,
	1.0743, 1.0705, 1.0667, 1.0627, 1.0627, 1.0565, 1.054, 1.0515,
	1.0478, 1.0465, 1.0443, 1.042, 1.0403, 1.039, 1.038, 1.036,
	1.1208, 1.114, 1.108, 1.103, 1.095, 1.0895, 1.0855, 1.081,
	1.077, 1.073, 1.069, 1.069, 1.0627, 1.0605, 1.0575, 1.055,
	1.053, 1.05, 1.0485, 1.048, 1.0463, 1.0435, 1.0422, 1.04,
	1.121, 1.1143, 1.1088, 1.1022, 1.0977, 1.093, 1.0883, 1.0833,
	1.079, 1.0757, 1.0757, 1.069, 1.0667, 1.0635, 1.0613, 1.0585,
	1.057, 1.0545, 1.0525, 1.0517, 1.05, 1.0482, 1.0482, 1.045,
	1.1227, 1.1165, 1.1095, 1.104, 1.1, 1.095, 1.09, 1.0865,
	1.083, 1.083, 1.0757, 1.073, 1.0705, 1.068, 1.0655, 1.063,
	1.061, 1.059, 1.0577, 1.0565, 1.0545, 1.054, 1.0525, 1.05,
	1.123, 1.1165, 1.1113, 1.1065, 1.101, 1.0975, 1.0918, 1.089,
	1.089, 1.083, 1.079, 1.077, 1.0743, 1.072, 1.0705, 1.0683,
	1.0663, 1.0635, 1.0633, 1.0613, 1.0608, 1.0595, 1.0583, 1.055,
	1.123, 1.1175, 1.1128, 1.11, 1.104, 1.1005, 1.0963, 1.0963,
	1.089, 1.0865, 1.0833, 1.081, 1.0785, 1.0765, 1.0745, 1.072,
	1.0705, 1.069, 1.0683, 1.066, 1.0655, 1.064, 1.0633, 1.062,
	1.125, 1.1198, 1.115, 1.1105, 1.1065, 1.1027, 1.1027, 1.0963,
	1.0918, 1.09, 1.0883, 1.0855, 1.0828, 1.0815, 1.08, 1.079,
	1.077, 1.0755, 1.0738, 1.0733, 1.0715, 1.0712, 1.0703, 1.0685,
	1.1258, 1.1215, 1.1165, 1.1125, 1.1087, 1.1087, 1.1027, 1.1005,
	1.0975, 1.095, 1.093, 1.0895, 1.089, 1.087, 1.085, 1.0845,
	1.083, 1.082, 1.0807, 1.0795, 1.0785, 1.077, 1.0767, 1.0755,
	1.1285, 1.125, 1.1203, 1.1152, 1.1152, 1.1087, 1.1065, 1.104,
	1.101, 1.1, 1.0977, 1.095, 1.0942, 1.093, 1.0912, 1.09,
	1.0895, 1.0882, 1.0875, 1.0857, 1.085, 1.085, 1.0835, 1.0825,
	1.1283, 1.125, 1.1225, 1.1225, 1.1152, 1.1125, 1.1105, 1.11,
	1.1065, 1.104, 1.1022, 1.103, 1.0997, 1.0985, 1.098, 1.097,
	1.0957, 1.0945, 1.094, 1.094, 1.093, 1.0915, 1.0907, 1.09,
	1.13, 1.1293, 1.1293, 1.1225, 1.1203, 1.1165, 1.115, 1.1128,
	1.1113, 1.1095, 1.1088, 1.108, 1.1073, 1.1058, 1.1045, 1.1033,
	1.103, 1.1025, 1.101, 1.1005, 1.1003, 1.099, 1.0993, 1.0985,
	1.1333, 1.1333, 1.1293, 1.125, 1.125, 1.1215, 1.1198, 1.1175,
	1.1165, 1.1165, 1.1143, 1.114, 1.1128, 1.111, 1.1108, 1.1105,
	1.1095, 1.11, 1.109, 1.108, 1.1083, 1.108, 1.1085, 1.1065,
	1.1333, 1.1333, 1.13, 1.1283, 1.1285, 1.1258, 1.125, 1.123,
	1.123, 1.1227, 1.121, 1.1208, 1.1198, 1.1195, 1.1183, 1.1177,
	1.1178, 1.117, 1.1173, 1.1163, 1.1163, 1.1163, 1.1148, 1.1153,
}
